Ho-oh,10,300,100,200,300,250,100
water pump,10,10,100,100,7
water pulse,10,10,100,100,7
surf,10,10,100,100,7
Water dance,10,10,100,100,7
Blastoise,10,300,100,200,300,250,100
water pump,10,10,100,100,7
water pulse,10,10,100,100,7
surf,10,10,100,100,7
Water dance,10,10,100,100,7
Gyarados,10,300,100,200,300,250,100
water pump,10,10,100,100,7
water pulse,10,10,100,100,7
surf,10,10,100,100,7
Water dance,10,10,100,100,7
Rhyperior,10,300,100,200,300,250,100
water pump,10,10,100,100,7
water pulse,10,10,100,100,7
surf,10,10,100,100,7
Water dance,10,10,100,100,7
Arceus,10,300,100,200,300,250,100
water pump,10,10,100,100,7
water pulse,10,10,100,100,7
surf,10,10,100,100,7
Water dance,10,10,100,100,7
Arceus,10,300,100,200,300,250,100
water pump,10,10,100,100,7
water pulse,10,10,100,100,7
surf,10,10,100,100,7
Water dance,10,10,100,100,7